I/utils.cc:28 Detecting MYNT EYE devices
I/utils.cc:38 MYNT EYE devices:
I/utils.cc:41   index: 0, name: MYNT-EYE-S1030, sn: 02810F0F00090807
I/utils.cc:49 Only one MYNT EYE device, select index: 0
I/get_img_params.cc:24 Intrinsics left: {width: 752, height: 480, fx: 361.28329822189374454, fy: 361.72974717248433763, cx: 389.66059480640478796, cy: 233.56320834515852880, model: 0, coeffs: [-0.27351542585591782, 0.05808863266668427, 0.00132395301326615, 0.00089369806528966, 0.00000000000000000]}
I/get_img_params.cc:25 Intrinsics right: {width: 752, height: 480, fx: 366.64056327335066499, fy: 367.04989920505272494, cx: 374.67207860125228081, cy: 250.18344829219833514, model: 0, coeffs: [-0.30503128551051223, 0.08086215810408677, -0.00073158117991006, -0.00057829911030729, 0.00000000000000000]}
I/get_img_params.cc:27 Extrinsics right to left: {rotation: [0.99975308930043327, 0.00190642333371214, 0.02213878913383620, -0.00188122329868291, 0.99999755880264274, -0.00115904601101804, -0.02214094472104293, 0.00111711182423342, 0.99975423511382622], translation: [-121.81913833774638078, -0.49484359601167116, 4.84363611522360582]}

I/get_imu_params.cc:24 Motion intrinsics: {accel: {scale: [1.00000000000000000, 0.00000000000000000, 0.00000000000000000, 0.00000000000000000, 1.00000000000000000, 0.00000000000000000, 0.00000000000000000, 0.00000000000000000, 1.00000000000000000], drift: [0.00000000000000000, 0.00000000000000000, 0.00000000000000000], noise: [0.01692543239797352, 0.01673531019556103, 0.01745248750459097], bias: [0.00019031356589715, 0.00016996777864587, 0.00054490537096494]}, gyro: {scale: [1.00000000000000000, 0.00000000000000000, 0.00000000000000000, 0.00000000000000000, 1.00000000000000000, 0.00000000000000000, 0.00000000000000000, 0.00000000000000000, 1.00000000000000000], drift: [0.00000000000000000, 0.00000000000000000, 0.00000000000000000], noise: [0.00108480261588199, 0.00124663678835018, 0.00110032299198064], bias: [0.00002340483413674, 0.00002359677156776, 0.00001497041805633]}}
I/get_imu_params.cc:25 Motion extrinsics left to imu: {rotation: [-0.00646620000000000, -0.99994994000000004, -0.00763565000000000, 0.99997908999999996, -0.00646566000000000, -0.00009558000000000, 0.00004620000000000, -0.00763611000000000, 0.99997084000000003], translation: [0.00533646000000000, -0.04302922000000000, 0.02303124000000000]}


Left:
('D = ', [-0.2837692214779656, 0.06269143431305582, 0.0009392888058766315, -0.0027224431806494574, 0.0])
('K = ', [378.14152042041866, 0.0, 400.55892145064655, 0.0, 378.99461738555283, 236.70933595924043, 0.0, 0.0, 1.0])
('R = ', [0.9912930274398213, -0.00709169970253562, 0.1314832367434072, 0.007137872171114467, 0.9999745178492463, 0.00012013757178047364, -0.13148073824732898, 0.0008194189992792866, 0.9913183868074076])
('P = ', [336.1619554840174, 0.0, 314.2125778198242, 0.0, 0.0, 336.1619554840174, 242.2398281097412, 0.0, 0.0, 0.0, 1.0, 0.0])

Right:
('D = ', [-0.3001677011672702, 0.07603161768695882, 0.000325858324969331, 0.0007896919746424831, 0.0])
('K = ', [369.0876654036644, 0.0, 370.9358350838872, 0.0, 369.18640998282956, 248.27090746462747, 0.0, 0.0, 1.0])
('R = ', [0.9970883535330308, -0.007891307650808825, 0.0758455174176418, 0.007864711204717148, 0.9999688618489219, 0.0006493460079334394, -0.07584827991758229, -5.09522512615027e-05, 0.9971193689009417])
('P = ', [336.1619554840174, 0.0, 314.2125778198242, -40.573085295529346, 0.0, 336.1619554840174, 242.2398281097412, 0.0, 0.0, 0.0, 1.0, 0.0])
('self.T ', [-0.12034363245188223, 0.0009524418012994043, -0.009154178803602944])
('self.R ', [0.9984354577403406, 0.0007313080931815972, 0.055911554398973724, -0.0006782491010456943, 0.9999993015245124, -0.0009679507446725663, -0.05591222321633688, 0.0009285143833180854, 0.9984352563667043])
None
# oST version 5.0 parameters


[image]

width
752

height
480

[narrow_stereo/left]

camera matrix
378.141520 0.000000 400.558921
0.000000 378.994617 236.709336
0.000000 0.000000 1.000000

distortion
-0.283769 0.062691 0.000939 -0.002722 0.000000

rectification
0.991293 -0.007092 0.131483
0.007138 0.999975 0.000120
-0.131481 0.000819 0.991318

projection
336.161955 0.000000 314.212578 0.000000
0.000000 336.161955 242.239828 0.000000
0.000000 0.000000 1.000000 0.000000

# oST version 5.0 parameters


[image]

width
752

height
480

[narrow_stereo/right]

camera matrix
369.087665 0.000000 370.935835
0.000000 369.186410 248.270907
0.000000 0.000000 1.000000

distortion
-0.300168 0.076032 0.000326 0.000790 0.000000

rectification
0.997088 -0.007891 0.075846
0.007865 0.999969 0.000649
-0.075848 -0.000051 0.997119

projection
336.161955 0.000000 314.212578 -40.573085
0.000000 336.161955 242.239828 0.000000
0.000000 0.000000 1.000000 0.000000


matlab
left:
   Camera Intrinsics
                    IntrinsicMatrix: [3×3 double]
                        FocalLength: [367.8709 367.9918]
                     PrincipalPoint: [384.3533 238.8222]
                               Skew: 0
                   RadialDistortion: [-0.3149 0.1104 -0.0186]
               TangentialDistortion: [5.8532e-05 8.2191e-05]
                          ImageSize: [480 752]

   Camera Extrinsics
                   RotationMatrices: [3×3×42 double]
                 TranslationVectors: [42×3 double]

   Accuracy of Estimation
              MeanReprojectionError: 0.1321
                 ReprojectionErrors: [88×2×42 double]
                  ReprojectedPoints: [88×2×42 double]

   Calibration Settings
                        NumPatterns: 42
                        WorldPoints: [88×2 double]
                         WorldUnits: 'millimeters'
                       EstimateSkew: 0
    NumRadialDistortionCoefficients: 3
       EstimateTangentialDistortion: 1

right:
   Camera Intrinsics
                    IntrinsicMatrix: [3×3 double]
                        FocalLength: [365.5873 365.7598]
                     PrincipalPoint: [375.9332 250.5484]
                               Skew: 0
                   RadialDistortion: [-0.3149 0.1103 -0.0184]
               TangentialDistortion: [9.3556e-05 -1.8496e-05]
                          ImageSize: [480 752]

   Camera Extrinsics
                   RotationMatrices: [3×3×41 double]
                 TranslationVectors: [41×3 double]

   Accuracy of Estimation
              MeanReprojectionError: 0.1320
                 ReprojectionErrors: [88×2×41 double]
                  ReprojectedPoints: [88×2×41 double]

   Calibration Settings
                        NumPatterns: 41
                        WorldPoints: [88×2 double]
                         WorldUnits: 'millimeters'
                       EstimateSkew: 0
    NumRadialDistortionCoefficients: 3
       EstimateTangentialDistortion: 1


